100
-18426 -20166 3445 -17880
2498 -22440 6454 9470
-8947 -609 17787 3749
-12090 -1295 -177 -16279
3233 -18043 -632 7141
4892 989 13009 7430
21385 -2097 -95 7178
-1018 26751 9281 20348
-29818 98 -3384 3641
9161 9020 -16095 20845
7006 4130 6916 -2410
-12377 -15495 13303 -16001
14036 6388 -26282 -25019
12774 11671 9287 -23724
7852 441 11204 -11415
10696 -9475 -2412 8081
-8021 26200 -4783 10536
916 6670 3170 17370
6036 22451 5633 -18524
14476 -12755 -31691 17107
11051 7087 15065 23554
-20748 -20545 -1646 -19425
4149 -4816 3547 -1946
-1520 3112 17660 -11165
2165 15386 7693 13299
6693 1484 15351 -15037
-7505 -4784 -26765 -17713
-17290 -11250 28936 19811
-17752 6840 784 -483
-1209 852 -3150 6246
-18141 -11467 1767 -3073
7645 13568 4217 -2318
21476 -9558 9727 22428
-10117 -8329 4322 -24919
3503 -5637 90 -5866
3173 3612 -1168 -5583
13897 -4338 4860 -21100
2015 8532 -11353 -26324
10870 -13115 -2071 12085
17965 3716 -9717 4158
5112 6917 -23002 -17119
12181 8206 -13279 6413
10645 -6477 -20042 11132
-9896 -19113 -23443 8763
-4336 -3663 2974 4968
-14915 707 -9615 -147
-2771 -3356 -15904 4873
-23548 -11850 8882 10567
6577 22063 -16510 3460
4213 -16237 -20810 -659
-14497 -905 3207 -5378
21586 703 27902 -381
-18949 -1120 3571 -10088
9694 8350 -14064 5164
10827 -8561 -14900 -30598
-6049 14229 -5265 -13554
-18929 25894 4882 -3644
-5095 -17915 -1633 -27446
-2033 -15287 29134 4253
11855 -20651 -10715 2055
-9204 26078 15103 -23002
-26299 -3097 -8060 -24473
-9524 -22330 -6996 -1914
-15296 -1760 -19136 -367
14866 8425 -15911 4833
13187 1380 -4642 10277
19619 -10457 17033 1369
6226 -3049 -7968 -14391
12865 2407 -19521 -23278
4338 -2660 -7731 -4831
6066 -5492 -126 19505
-5979 -12456 294 19664
-2373 -7559 -4909 -26150
-10318 7088 19569 124
-10724 -12781 -8263 -19919
17243 2566 3634 -14649
-30308 -16578 6452 -422
-541 -24897 3563 -15529
-3586 15581 -2228 -5000
1680 -3266 -12254 -16691
15623 727 -19197 12208
-13915 -2583 -10662 -6448
9595 16908 10845 39
-8089 10786 -8424 3587
13083 24674 3167 23295
-12007 -6066 -23074 -5111
-1361 14524 11532 -15779
20223 7633 -23758 23943
-8711 -9472 -17560 32101
-1442 3343 -13161 9249
-13378 -13294 887 22586
-24455 3436 -11119 9851
-64 -14893 11838 -7167
-1132 -13493 -5466 12345
-15675 -2263 448 -18722
-3340 2065 -1193 12798
10896 -15369 8450 -21515
23259 -9694 -4054 368
-9754 -31452 19463 9066
13456 -4894 -4190 -26319
